0.10
 66.9216
 10.9435
 1.1976
 0.1094
 5.8218
0.20
 14.5333
 5.4554
 1.1905
 0.2182
 2.9635
0.30
 5.2993
 3.6191
 1.1788
 0.3257
 2.0351
0.40
 2.3085
 2.6958
 1.1628
 0.4313
 1.5901
0.50
 1.0691
 2.1381
 1.1429
 0.5345
 1.3398
0.60
 0.4908
 1.7634
 1.1194
 0.6348
 1.1882
0.70
 0.2081
 1.4935
 1.0929
 0.7318
 1.0944
0.80
 0.0723
 1.2893
 1.0638
 0.8251
 1.0382
0.90
 0.0145
 1.1291
 1.0327
 0.9146
 1.0089
1.00
 0.0000
 1.0000
 1.0000
 1.0000
 1.0000
1.10
 0.0099
 0.8936
 0.9662
 1.0812
 1.0079
1.20
 0.0336
 0.8044
 0.9317
 1.1583
 1.0304
1.30
 0.0648
 0.7285
 0.8969
 1.2311
 1.0663
1.40
 0.0997
 0.6632
 0.8621
 1.2999
 1.1149
1.50
 0.1361
 0.6065
 0.8276
 1.3646
 1.1762
1.60
 0.1724
 0.5568
 0.7937
 1.4254
 1.2502
1.70
 0.2078
 0.5130
 0.7605
 1.4825
 1.3376
1.80
 0.2419
 0.4741
 0.7282
 1.5360
 1.4390
1.90
 0.2743
 0.4394
 0.6969
 1.5861
 1.5553
2.00
 0.3050
 0.4082
 0.6667
 1.6330
 1.6875
2.10
 0.3339
 0.3802
 0.6376
 1.6769
 1.8369
2.20
 0.3609
 0.3549
 0.6098
 1.7179
 2.0050
2.30
 0.3862
 0.3320
 0.5831
 1.7563
 2.1931
2.40
 0.4099
 0.3111
 0.5576
 1.7922
 2.4031
2.50
 0.4320
 0.2921
 0.5333
 1.8257
 2.6367
2.60
 0.4526
 0.2747
 0.5102
 1.8571
 2.8960
2.70
 0.4718
 0.2588
 0.4882
 1.8865
 3.1830
2.80
 0.4898
 0.2441
 0.4673
 1.9140
 3.5001
2.90
 0.5065
 0.2307
 0.4474
 1.9398
 3.8498
3.00
 0.5222
 0.2182
 0.4286
 1.9640
 4.2346
3.10
 0.5368
 0.2067
 0.4107
 1.9866
 4.6573
3.20
 0.5504
 0.1961
 0.3937
 2.0079
 5.1210
3.30
 0.5632
 0.1862
 0.3776
 2.0278
 5.6286
3.40
 0.5752
 0.1770
 0.3623
 2.0466
 6.1837
3.50
 0.5864
 0.1685
 0.3478
 2.0642
 6.7896
3.60
 0.5970
 0.1606
 0.3341
 2.0808
 7.4501
3.70
 0.6068
 0.1531
 0.3210
 2.0964
 8.1691
3.80
 0.6161
 0.1462
 0.3086
 2.1111
 8.9506
3.90
 0.6248
 0.1397
 0.2969
 2.1250
 9.7990
4.00
 0.6331
 0.1336
 0.2857
 2.1381
 10.7187